lv2_conv2_3 : 79.111905 
lv2_conv3_b3 : 79.788095 
lv3_conv1 : 78.395238 
lv4_conv1 : 78.516667 
lv3_conv1_2 : 78.483333 
multi_lv2_conv3 : 81.214286 
lv2_conv2 : 79.640476 
lv2_conv2_3 : 79.111905 
lv3_conv1 : 78.395238 
lv3_conv1 : 78.395238 
lv2_conv2 : 81.911905 
lv2_conv2 : 84.142583 
lv2_conv2 : 72.279286 
